Nzi = 351
Nt = 278494
Ne = 128
Lz = 43.121400
Lzi = 34.910000
Tend = 10000.000000
Delta = -1.050000
Ib = 0.001004
dz = 0.100282
dt = 0.099743
tol = 1e-09
INTT = 500
INTZ = 10
a0 = 0.100000
