Nzi = 701
Nt = 55699
Ne = 257
Lz = 43.121400
Lzi = 34.910000
Tend = 1000.000000
Delta = -1.050000
Ib = 0.001004
dz = 0.100282
dt = 0.049871
tol = 1e-09
INTT = 500
INTZ = 1
a0 = 0.100000
